$MeshFormat
2.2 0 8
$EndMeshFormat
$PhysicalNames
8
0 7 "PointLeft"
0 8 "PointRight"
1 2 "bottom"
1 3 "right"
1 4 "top"
1 5 "left"
1 6 "frac"
2 1 "Omega"
$EndPhysicalNames
$Nodes
173
1 0 0 0
2 200 0 0
3 200 10 0
4 0 10 0
5 50 5 0
6 150 5 0
7 6.249999999975589 0 0
8 12.49999999994908 0 0
9 18.7499999999275 0 0
10 24.99999999990535 0 0
11 31.24999999987341 0 0
12 37.49999999984115 0 0
13 43.74999999980847 0 0
14 49.99999999977625 0 0
15 56.24999999974401 0 0
16 62.4999999997114 0 0
17 68.7499999996998 0 0
18 74.99999999968819 0 0
19 81.24999999967646 0 0
20 87.49999999966774 0 0
21 93.74999999965752 0 0
22 99.99999999964729 0 0
23 106.2499999996328 0 0
24 112.4999999996269 0 0
25 118.749999999615 0 0
26 124.9999999996064 0 0
27 131.2499999996313 0 0
28 137.4999999996581 0 0
29 143.7499999996932 0 0
30 149.9999999997265 0 0
31 156.2499999997569 0 0
32 162.4999999997949 0 0
33 168.7499999998361 0 0
34 174.9999999998632 0 0
35 181.2499999998928 0 0
36 187.4999999999316 0 0
37 193.7499999999596 0 0
38 200 2.499999999996408 0
39 200 4.999999999992399 0
40 200 7.499999999995487 0
41 193.750000000046 10 0
42 187.5000000000888 10 0
43 181.2500000001453 10 0
44 175.0000000001776 10 0
45 168.7500000002211 10 0
46 162.5000000002665 10 0
47 156.2500000003153 10 0
48 150.0000000003553 10 0
49 143.7500000004015 10 0
50 137.5000000004441 10 0
51 131.2500000004871 10 0
52 125.0000000005162 10 0
53 118.7500000005162 10 0
54 112.5000000005162 10 0
55 106.2500000005162 10 0
56 100.0000000005163 10 0
57 93.75000000051503 10 0
58 87.50000000051625 10 0
59 81.25000000051625 10 0
60 75.00000000051625 10 0
61 68.75000000047544 10 0
62 62.50000000044409 10 0
63 56.25000000040041 10 0
64 50.00000000035524 10 0
65 43.75000000030931 10 0
66 37.50000000026643 10 0
67 31.25000000021657 10 0
68 25.00000000017761 10 0
69 18.7500000001333 10 0
70 12.50000000008879 10 0
71 6.250000000036891 10 0
72 0 7.499999999995655 0
73 0 4.999999999999996 0
74 0 2.500000000002323 0
75 59.9999999999546 5 0
76 69.99999999990455 5 0
77 79.99999999980953 5 0
78 89.99999999972022 5 0
79 99.99999999961912 5 0
80 109.9999999995359 5 0
81 119.9999999995936 5 0
82 129.9999999996159 5 0
83 139.9999999998161 5 0
84 144.6449556688019 2.321832773598301 0
85 138.7672887782569 8.121542244382216 0
86 156.673091646896 5.282492178123575 0
87 42.6472020234368 4.956309180676142 0
88 7.386385477016501 4.930055021750435 0
89 192.6136145230018 5.069944978248437 0
90 152.2853539035377 3.651359930394929 0
91 16.55648205825633 4.369302599303245 0
92 183.4435179417871 5.630697400697215 0
93 33.4465713509101 4.373895776496524 0
94 166.4720952143284 5.656956382311574 0
95 35.47328567537562 2.186947888248262 0
96 29.22328567540772 2.186947888248262 0
97 164.4860476072974 7.828478191155787 0
98 170.736047607253 7.828478191155787 0
99 179.2217589709824 7.815348700348608 0
100 185.471758970938 7.815348700348608 0
101 20.77824102908084 2.184651299651623 0
102 14.52824102910271 2.184651299651623 0
103 133.749999999637 2.5 0
104 127.4999999996111 2.5 0
105 147.3224778342642 1.16091638679915 0
106 141.07247783423 1.16091638679915 0
107 153.3365458236257 7.641246089061788 0
108 159.5865458235812 7.641246089061788 0
109 138.1336443893505 9.060771122191108 0
110 144.3836443893061 9.060771122191108 0
111 137.3224778342089 3.66091638679915 0
112 147.322477834401 3.66091638679915 0
113 94.99999999968375 2.5 0
114 88.74999999969398 2.5 0
115 82.4999999997042 2.5 0
116 95.00000000011823 7.5 0
117 88.75000000011823 7.5 0
118 82.50000000011823 7.5 0
119 151.1426769516321 1.825679965197464 0
120 151.1426769517688 4.325679965197464 0
121 149.2325773930165 2.743298175998307 0
122 150.0000000001776 7.5 0
123 154.4792227752168 4.466926054259252 0
124 152.2396113876973 5.983463027129626 0
125 159.5865458233455 2.641246089061787 0
126 164.4860476070616 2.828478191155787 0
127 162.0362967153214 5.234862140108787 0
128 40.07360101185161 7.478154590338071 0
129 35.47328567558826 7.186947888248262 0
130 40.07360101163897 2.478154590338071 0
131 37.77344334361361 4.832551239293167 0
132 9.943192738482791 2.465027510875217 0
133 14.52824102917256 7.184651299651623 0
134 9.943192738552645 7.465027510875217 0
135 12.23571688382767 4.82483940526342 0
136 185.4717589708594 2.815348700348607 0
137 175.0000000000204 5 0
138 180.2358794854376 3.907674350174304 0
139 25.00000000004148 5 0
140 19.76412051460707 6.092325649825812 0
141 190.0568072615453 7.534972489124218 0
142 190.0568072614668 2.534972489124219 0
143 187.7642831162024 5.175160594736413 0
144 30.23664283781215 6.093473944124131 0
145 169.7430238035445 3.914239095577893 0
146 196.3068072615009 5.034972489120419 0
147 195.0284036307302 2.517486244560313 0
148 3.69319273850825 4.965027510875215 0
149 4.971596369272571 7.482513755435436 0
150 134.3836443889364 6.560771122191108 0
151 142.1918221945611 7.030385561095554 0
152 46.3236010117184 4.978154590338071 0
153 49.99999999988813 2.5 0
154 45.03680050576343 2.489077295169035 0
155 66.24999999980797 2.5 0
156 74.37499999975466 2.5 0
157 111.2499999995814 2.5 0
158 119.3749999996043 2.5 0
159 155.3646113874869 2.233463027129626 0
160 127.5000000000661 7.5 0
161 132.8168221947117 8.280385561095555 0
162 111.2500000000261 7.5 0
163 119.3750000000549 7.5 0
164 66.25000000017431 7.5 0
165 74.37500000014248 7.5 0
166 103.1249999996259 2.5 0
167 103.1250000000677 7.5 0
168 50.00000000017762 7.5 0
169 58.12500000017749 7.5 0
170 58.12499999984931 2.5 0
171 45.03680050601385 7.489077295169036 0
172 4.97159636924192 2.48251375543877 0
173 195.0284036307735 7.517486244559853 0
$EndNodes
$Elements
248
1 15 2 7 5 5
2 15 2 8 6 6
3 1 2 2 1 1 7
4 1 2 2 1 7 8
5 1 2 2 1 8 9
6 1 2 2 1 9 10
7 1 2 2 1 10 11
8 1 2 2 1 11 12
9 1 2 2 1 12 13
10 1 2 2 1 13 14
11 1 2 2 1 14 15
12 1 2 2 1 15 16
13 1 2 2 1 16 17
14 1 2 2 1 17 18
15 1 2 2 1 18 19
16 1 2 2 1 19 20
17 1 2 2 1 20 21
18 1 2 2 1 21 22
19 1 2 2 1 22 23
20 1 2 2 1 23 24
21 1 2 2 1 24 25
22 1 2 2 1 25 26
23 1 2 2 1 26 27
24 1 2 2 1 27 28
25 1 2 2 1 28 29
26 1 2 2 1 29 30
27 1 2 2 1 30 31
28 1 2 2 1 31 32
29 1 2 2 1 32 33
30 1 2 2 1 33 34
31 1 2 2 1 34 35
32 1 2 2 1 35 36
33 1 2 2 1 36 37
34 1 2 2 1 37 2
35 1 2 3 2 2 38
36 1 2 3 2 38 39
37 1 2 3 2 39 40
38 1 2 3 2 40 3
39 1 2 4 3 3 41
40 1 2 4 3 41 42
41 1 2 4 3 42 43
42 1 2 4 3 43 44
43 1 2 4 3 44 45
44 1 2 4 3 45 46
45 1 2 4 3 46 47
46 1 2 4 3 47 48
47 1 2 4 3 48 49
48 1 2 4 3 49 50
49 1 2 4 3 50 51
50 1 2 4 3 51 52
51 1 2 4 3 52 53
52 1 2 4 3 53 54
53 1 2 4 3 54 55
54 1 2 4 3 55 56
55 1 2 4 3 56 57
56 1 2 4 3 57 58
57 1 2 4 3 58 59
58 1 2 4 3 59 60
59 1 2 4 3 60 61
60 1 2 4 3 61 62
61 1 2 4 3 62 63
62 1 2 4 3 63 64
63 1 2 4 3 64 65
64 1 2 4 3 65 66
65 1 2 4 3 66 67
66 1 2 4 3 67 68
67 1 2 4 3 68 69
68 1 2 4 3 69 70
69 1 2 4 3 70 71
70 1 2 4 3 71 4
71 1 2 5 4 4 72
72 1 2 5 4 72 73
73 1 2 5 4 73 74
74 1 2 5 4 74 1
75 1 2 6 5 5 75
76 1 2 6 5 75 76
77 1 2 6 5 76 77
78 1 2 6 5 77 78
79 1 2 6 5 78 79
80 1 2 6 5 79 80
81 1 2 6 5 80 81
82 1 2 6 5 81 82
83 1 2 6 5 82 83
84 1 2 6 5 83 6
85 2 2 1 1 10 11 96
86 2 2 1 1 11 95 96
87 2 2 1 1 11 12 95
88 2 2 1 1 96 95 93
89 2 2 1 1 44 45 98
90 2 2 1 1 45 97 98
91 2 2 1 1 45 46 97
92 2 2 1 1 98 97 94
93 2 2 1 1 42 43 100
94 2 2 1 1 43 99 100
95 2 2 1 1 43 44 99
96 2 2 1 1 100 99 92
97 2 2 1 1 8 9 102
98 2 2 1 1 9 101 102
99 2 2 1 1 9 10 101
100 2 2 1 1 102 101 91
101 2 2 1 1 28 103 27
102 2 2 1 1 103 104 27
103 2 2 1 1 103 82 104
104 2 2 1 1 27 104 26
105 2 2 1 1 28 29 106
106 2 2 1 1 29 105 106
107 2 2 1 1 29 30 105
108 2 2 1 1 106 105 84
109 2 2 1 1 46 47 108
110 2 2 1 1 47 107 108
111 2 2 1 1 47 48 107
112 2 2 1 1 108 107 86
113 2 2 1 1 48 49 110
114 2 2 1 1 49 109 110
115 2 2 1 1 49 50 109
116 2 2 1 1 110 109 85
117 2 2 1 1 82 103 111
118 2 2 1 1 103 106 111
119 2 2 1 1 103 28 106
120 2 2 1 1 111 106 84
121 2 2 1 1 84 112 111
122 2 2 1 1 112 83 111
123 2 2 1 1 112 6 83
124 2 2 1 1 111 83 82
125 2 2 1 1 20 21 114
126 2 2 1 1 21 113 114
127 2 2 1 1 21 22 113
128 2 2 1 1 114 113 78
129 2 2 1 1 78 115 114
130 2 2 1 1 115 19 114
131 2 2 1 1 115 18 19
132 2 2 1 1 114 19 20
133 2 2 1 1 78 116 117
134 2 2 1 1 116 57 117
135 2 2 1 1 116 56 57
136 2 2 1 1 117 57 58
137 2 2 1 1 58 59 117
138 2 2 1 1 59 118 117
139 2 2 1 1 59 60 118
140 2 2 1 1 117 118 78
141 3 2 1 1 84 105 121 112
142 3 2 1 1 105 30 119 121
143 3 2 1 1 121 119 90 120
144 3 2 1 1 112 121 120 6
145 3 2 1 1 48 122 124 107
146 3 2 1 1 122 6 120 124
147 3 2 1 1 124 120 90 123
148 3 2 1 1 107 124 123 86
149 3 2 1 1 86 125 127 108
150 3 2 1 1 125 32 126 127
151 3 2 1 1 127 126 94 97
152 3 2 1 1 108 127 97 46
153 3 2 1 1 87 128 131 130
154 3 2 1 1 128 66 129 131
155 3 2 1 1 131 129 93 95
156 3 2 1 1 130 131 95 12
157 3 2 1 1 88 132 135 134
158 3 2 1 1 132 8 102 135
159 3 2 1 1 135 102 91 133
160 3 2 1 1 134 135 133 70
161 3 2 1 1 36 136 138 35
162 3 2 1 1 136 92 99 138
163 3 2 1 1 138 99 44 137
164 3 2 1 1 35 138 137 34
165 3 2 1 1 70 133 140 69
166 3 2 1 1 133 91 101 140
167 3 2 1 1 140 101 10 139
168 3 2 1 1 69 140 139 68
169 3 2 1 1 89 141 143 142
170 3 2 1 1 141 42 100 143
171 3 2 1 1 143 100 92 136
172 3 2 1 1 142 143 136 36
173 3 2 1 1 66 67 144 129
174 3 2 1 1 67 68 139 144
175 3 2 1 1 144 139 10 96
176 3 2 1 1 129 144 96 93
177 3 2 1 1 32 33 145 126
178 3 2 1 1 33 34 137 145
179 3 2 1 1 145 137 44 98
180 3 2 1 1 126 145 98 94
181 3 2 1 1 39 146 147 38
182 3 2 1 1 146 89 142 147
183 3 2 1 1 147 142 36 37
184 3 2 1 1 38 147 37 2
185 3 2 1 1 73 148 149 72
186 3 2 1 1 148 88 134 149
187 3 2 1 1 149 134 70 71
188 3 2 1 1 72 149 71 4
189 3 2 1 1 48 110 151 122
190 3 2 1 1 110 85 150 151
191 3 2 1 1 151 150 82 83
192 3 2 1 1 122 151 83 6
193 3 2 1 1 5 152 154 153
194 3 2 1 1 152 87 130 154
195 3 2 1 1 154 130 12 13
196 3 2 1 1 153 154 13 14
197 3 2 1 1 16 17 156 155
198 3 2 1 1 17 18 115 156
199 3 2 1 1 156 115 78 77
200 3 2 1 1 155 156 77 76
201 3 2 1 1 24 25 158 157
202 3 2 1 1 25 26 104 158
203 3 2 1 1 158 104 82 81
204 3 2 1 1 157 158 81 80
205 3 2 1 1 86 123 159 125
206 3 2 1 1 123 90 119 159
207 3 2 1 1 159 119 30 31
208 3 2 1 1 125 159 31 32
209 3 2 1 1 52 160 161 51
210 3 2 1 1 160 82 150 161
211 3 2 1 1 161 150 85 109
212 3 2 1 1 51 161 109 50
213 3 2 1 1 54 162 163 53
214 3 2 1 1 162 80 81 163
215 3 2 1 1 163 81 82 160
216 3 2 1 1 53 163 160 52
217 3 2 1 1 62 164 165 61
218 3 2 1 1 164 76 77 165
219 3 2 1 1 165 77 78 118
220 3 2 1 1 61 165 118 60
221 3 2 1 1 78 113 166 79
222 3 2 1 1 113 22 23 166
223 3 2 1 1 166 23 24 157
224 3 2 1 1 79 166 157 80
225 3 2 1 1 78 79 167 116
226 3 2 1 1 79 80 162 167
227 3 2 1 1 167 162 54 55
228 3 2 1 1 116 167 55 56
229 3 2 1 1 62 63 169 164
230 3 2 1 1 63 64 168 169
231 3 2 1 1 169 168 5 75
232 3 2 1 1 164 169 75 76
233 3 2 1 1 5 153 170 75
234 3 2 1 1 153 14 15 170
235 3 2 1 1 170 15 16 155
236 3 2 1 1 75 170 155 76
237 3 2 1 1 87 152 171 128
238 3 2 1 1 152 5 168 171
239 3 2 1 1 171 168 64 65
240 3 2 1 1 128 171 65 66
241 3 2 1 1 88 148 172 132
242 3 2 1 1 148 73 74 172
243 3 2 1 1 172 74 1 7
244 3 2 1 1 132 172 7 8
245 3 2 1 1 89 146 173 141
246 3 2 1 1 146 39 40 173
247 3 2 1 1 173 40 3 41
248 3 2 1 1 141 173 41 42
$EndElements
