$MeshFormat
2.2 0 8
$EndMeshFormat
$PhysicalNames
26
0 13 "PointRight0"
0 14 "PointLeft0"
0 15 "PointRight1"
0 16 "PointLeft1"
0 17 "PointRight2"
0 18 "PointLeft2"
0 19 "PointRight3"
0 20 "PointLeft3"
0 21 "PointRight4"
0 22 "PointLeft4"
0 23 "PointRight5"
0 24 "PointLeft5"
0 25 "PointRight6"
0 26 "PointLeft6"
1 2 "bottom"
1 3 "right"
1 4 "top"
1 5 "left"
1 6 "f1"
1 7 "f2"
1 8 "f3"
1 9 "f4"
1 10 "f5"
1 11 "f6"
1 12 "f7"
2 1 "Omega"
$EndPhysicalNames
$Nodes
305
1 0 0 0
2 200 0 0
3 200 10 0
4 0 10 0
5 59.56005859375 0 0
6 57.26318359375 10 0
7 89.01513671875 0 0
8 87.35107421875 10 0
9 97.42724609375 0 0
10 90.37890625 10 0
11 127.0439453125 0 0
12 121.64697265625 10 0
13 191.47509765625 0 0
14 188.8212890625 10 0
15 184.17529296875 0 0
16 182.79931640625 10 0
17 131.27392578125 0 0
18 125.04931640625 10 0
19 4.254289899537556 0 0
20 8.508579799075788 0 0
21 12.7628696986034 0 0
22 17.01715959813106 0 0
23 21.2714494976587 0 0
24 25.52573939718633 0 0
25 29.78002929672173 0 0
26 34.03431919627985 0 0
27 38.28860909585682 0 0
28 42.54289899543657 0 0
29 46.79718889501493 0 0
30 51.05147879459329 0 0
31 55.30576869417164 0 0
32 63.24194335937916 0 0
33 66.923828125 0 0
34 70.60571289062317 0 0
35 74.28759765625 0 0
36 77.96948242187648 0 0
37 81.6513671875 0 0
38 85.33325195312204 0 0
39 91.1181640625 0 0
40 93.22119140625 0 0
41 95.32421875 0 0
42 100.388916015625 0 0
43 103.3505859375 0 0
44 106.3122558593798 0 0
45 109.27392578125 0 0
46 112.2355957031211 0 0
47 115.197265625 0 0
48 118.1589355468707 0 0
49 121.12060546875 0 0
50 124.082275390625 0 0
51 128.1014404295802 0 0
52 129.1589355467168 0 0
53 130.2164306639828 0 0
54 135.682373046875 0 0
55 140.0908203125 0 0
56 144.499267578133 0 0
57 148.90771484375 0 0
58 153.3161621093662 0 0
59 157.724609375 0 0
60 162.1330566406417 0 0
61 166.54150390625 0 0
62 170.9499511718626 0 0
63 175.3583984375 0 0
64 179.7668457031409 0 0
65 186.000244140625 0 0
66 187.8251953125 0 0
67 189.650146484375 0 0
68 193.6063232421875 0 0
69 195.737548828125 0 0
70 197.8687744140625 0 0
71 200 2.499999999996408 0
72 200 4.999999999992399 0
73 200 7.499999999995487 0
74 197.205322265607 10 0
75 194.41064453125 10 0
76 191.6159667968691 10 0
77 187.3157958984375 10 0
78 185.810302734375 10 0
79 184.3048095703125 10 0
80 177.98681640625 10 0
81 173.17431640625 10 0
82 168.36181640625 10 0
83 163.54931640625 10 0
84 158.73681640625 10 0
85 153.92431640625 10 0
86 149.1118164062499 10 0
87 144.29931640625 10 0
88 139.4868164062448 10 0
89 134.67431640625 10 0
90 129.861816406246 10 0
91 124.19873046875 10 0
92 123.34814453125 10 0
93 122.49755859375 10 0
94 118.5201660156982 10 0
95 115.3933593751388 10 0
96 112.2665527345792 10 0
97 109.1397460940276 10 0
98 106.0129394534025 10 0
99 102.8861328127909 10 0
100 99.75932617210108 10 0
101 96.63251953139546 10 0
102 93.50571289069478 10 0
103 89.6219482421875 10 0
104 88.864990234375 10 0
105 88.1080322265625 10 0
106 83.590087890625 10 0
107 79.8291015625 10 0
108 76.068115234375 10 0
109 72.30712890625 10 0
110 68.54614257813098 10 0
111 64.78515625 10 0
112 61.02416992187426 10 0
113 53.17295619419737 10 0
114 49.08272879464288 10 0
115 44.99250139508769 10 0
116 40.90227399553575 10 0
117 36.81204659598416 10 0
118 32.7218191964286 10 0
119 28.63159179688644 10 0
120 24.54136439732145 10 0
121 20.45113699776782 10 0
122 16.3609095982143 10 0
123 12.27068219866431 10 0
124 8.180454799107153 10 0
125 4.090227399554337 10 0
126 0 7.499999999995655 0
127 0 4.999999999999996 0
128 0 2.500000000002323 0
129 58.98583984375028 2.499999999998766 0
130 58.41162109375166 4.999999999992773 0
131 57.83740234375172 7.499999999992511 0
132 88.59912109375 2.499999999999981 0
133 88.18310546875124 4.999999999992612 0
134 87.76708984375129 7.499999999992246 0
135 95.66516113281968 2.499999999989814 0
136 93.9030761718786 4.999999999994907 0
137 92.14099121093516 7.500000000003334 0
138 125.6947021484333 2.500000000007865 0
139 124.3454589843782 4.999999999994113 0
140 122.9962158203103 7.500000000004149 0
141 190.8116455078146 2.499999999992044 0
142 190.1481933593769 4.999999999992897 0
143 189.4847412109397 7.499999999991818 0
144 183.8312988281254 2.499999999996839 0
145 183.487304687501 4.999999999992543 0
146 183.1433105468758 7.499999999994035 0
147 129.7177734375448 2.499999999928082 0
148 128.1616210938472 4.999999999843847 0
149 126.6054687500613 7.499999999901532 0
150 8.344517299091709 4.999999999998964 0
151 16.68903459817315 4.999999999997934 0
152 25.03355189725461 4.9999999999969 0
153 33.37806919635518 4.99999999999587 0
154 41.72258649548735 4.999999999994836 0
155 50.0671037946195 4.999999999993804 0
156 8.426548549083748 2.499999999999482 0
157 4.172258649545855 4.99999999999948 0
158 4.213274274541705 2.500000000000902 0
159 8.262486049099431 7.499999999999482 0
160 4.131243024550096 7.499999999997568 0
161 16.85309709815211 2.499999999998967 0
162 12.51677594863243 4.999999999998449 0
163 12.63982282361792 2.499999999999225 0
164 16.52497209819373 7.499999999998967 0
165 12.39372907364837 7.499999999999225 0
166 25.27964564722047 2.49999999999845 0
167 20.86129324771388 4.999999999997417 0
168 21.06637137268629 2.499999999998709 0
169 24.78745814728803 7.49999999999845 0
170 20.65621512274085 7.499999999998709 0
171 33.70619419631751 2.499999999997935 0
172 29.20581054680489 4.999999999996385 0
173 29.49291992176331 2.499999999998193 0
174 33.04994419639189 7.499999999997935 0
175 28.91870117184567 7.499999999998193 0
176 42.13274274546195 2.499999999997418 0
177 37.55032784592126 4.999999999995353 0
178 37.91946847088904 2.499999999997677 0
179 41.31243024551155 7.499999999997418 0
180 37.18118722095272 7.499999999997677 0
181 50.5592912946064 2.499999999996902 0
182 45.89484514505342 4.99999999999432 0
183 46.34601702003418 2.49999999999716 0
184 49.57491629463119 7.499999999996902 0
185 45.44367327007056 7.49999999999716 0
186 54.23936244418558 4.999999999993289 0
187 54.77256556917833 2.499999999997834 0
188 53.70615931919191 7.499999999994706 0
189 65.85449218750156 4.999999999992734 0
190 73.29736328125146 4.999999999992691 0
191 80.74023437500131 4.999999999992652 0
192 66.38916015625078 2.499999999996367 0
193 62.13305664062661 4.999999999992753 0
194 62.68750000000261 2.499999999997566 0
195 65.31982421875078 7.499999999996367 0
196 61.57861328125087 7.499999999994439 0
197 73.79248046875074 2.499999999996346 0
198 69.57592773437651 4.999999999992712 0
199 70.09082031249983 2.499999999996356 0
200 72.80224609375074 7.499999999996346 0
201 69.06103515625375 7.499999999996357 0
202 81.19580078125065 2.499999999996326 0
203 77.01879882812639 4.999999999992672 0
204 77.49414062500144 2.499999999996336 0
205 80.28466796875065 7.499999999996326 0
206 76.5434570312507 7.499999999996336 0
207 84.46166992187628 4.999999999992632 0
208 84.89746093749885 2.499999999998153 0
209 84.02587890625097 7.499999999994286 0
210 91.0430908203149 4.999999999993759 0
211 92.13214111328244 2.499999999996879 0
212 89.61309814453307 4.999999999993185 0
213 90.36563110351622 2.49999999999843 0
214 89.95404052734494 7.499999999996878 0
215 88.86056518554813 7.49999999999456 0
216 92.47308349609675 4.999999999994333 0
217 93.89865112305107 2.499999999993346 0
218 91.04751586914004 7.500000000000104 0
219 99.99155273445126 4.999999999994747 0
220 106.0800292970239 4.999999999994587 0
221 112.1685058595171 4.999999999994431 0
222 118.2569824219477 4.999999999994271 0
223 101.6710693359756 2.499999999997374 0
224 96.94731445316492 4.999999999994827 0
225 98.66811523439765 2.499999999993594 0
226 98.31203613292337 7.499999999997374 0
227 95.22651367192779 7.500000000000353 0
228 107.6769775391369 2.499999999997294 0
229 103.0357910157376 4.999999999994667 0
230 104.6740234375587 2.499999999997334 0
231 104.4830810549074 7.499999999997294 0
232 101.3975585939193 7.499999999997334 0
233 113.6828857422586 2.499999999997216 0
234 109.1242675782705 4.999999999994509 0
235 110.6799316406958 2.499999999997255 0
236 110.6541259767723 7.499999999997216 0
237 107.5686035158365 7.499999999997255 0
238 119.6887939453488 2.499999999997136 0
239 115.2127441407324 4.999999999994351 0
240 116.6858398438015 2.499999999997176 0
241 116.8251708985432 7.499999999997136 0
242 113.7396484376558 7.499999999997176 0
243 121.3012207031629 4.999999999994192 0
244 122.691748046891 2.5000000000025 0
245 119.9106933594286 7.500000000000642 0
246 126.2535400390336 4.999999999918978 0
247 127.7062377928752 2.499999999959489 0
248 125.2994995117059 4.999999999956544 0
249 126.7004699706401 2.499999999983677 0
250 124.8008422851418 7.499999999959488 0
251 123.898529052726 7.499999999981817 0
252 127.2075805664404 4.999999999881411 0
253 128.7120056152097 2.499999999943785 0
254 125.7031555176015 7.499999999930509 0
255 137.3825683594562 4.99999999986863 0
256 146.6035156250651 4.999999999893412 0
257 155.8244628906741 4.999999999918194 0
258 165.0454101562831 4.999999999942979 0
259 174.266357421892 4.99999999996776 0
260 138.7366943359781 2.499999999934315 0
261 132.7720947266517 4.999999999856239 0
262 134.2272338867614 2.499999999931199 0
263 136.0284423828531 7.499999999934316 0
264 131.3169555664552 7.499999999917923 0
265 147.7556152344075 2.499999999946706 0
266 141.9930419922606 4.999999999881021 0
267 143.2461547851968 2.499999999940511 0
268 145.4514160156575 7.499999999946706 0
269 140.7399291992527 7.499999999940511 0
270 156.7745361328371 2.499999999959097 0
271 151.2139892578696 4.999999999905803 0
272 152.2650756836179 2.499999999952902 0
273 154.8743896484621 7.499999999959098 0
274 150.1629028320598 7.499999999952902 0
275 165.7934570312665 2.499999999971489 0
276 160.4349365234786 4.999999999930587 0
277 161.2839965820602 2.499999999965294 0
278 164.2973632812665 7.499999999971489 0
279 159.5858764648643 7.499999999965294 0
280 174.812377929696 2.49999999998388 0
281 169.6558837890876 4.999999999955369 0
282 170.3029174804751 2.499999999977685 0
283 173.720336914071 7.49999999998388 0
284 169.0088500976688 7.499999999977685 0
285 178.8768310546965 4.999999999980151 0
286 179.3218383789187 2.499999999990359 0
287 178.4318237304734 7.499999999988957 0
288 186.817749023439 4.99999999999272 0
289 187.3214721679695 2.49999999999636 0
290 185.15252685547 4.999999999992632 0
291 185.5763854980474 2.499999999996599 0
292 186.314025878907 7.49999999999636 0
293 184.7286682128914 7.499999999995198 0
294 188.4829711914079 4.999999999992809 0
295 189.066558837892 2.499999999994202 0
296 187.8993835449233 7.499999999994089 0
297 195.0740966796884 4.999999999992648 0
298 195.4058227539067 2.499999999996324 0
299 192.6111450195327 4.999999999992772 0
300 193.1087341308607 2.499999999994184 0
301 194.7423706054692 7.499999999996324 0
302 192.1135559082015 7.499999999994071 0
303 197.5370483398442 4.999999999992523 0
304 197.7029113769534 2.499999999996366 0
305 197.3711853027256 7.499999999995905 0
$EndNodes
$Elements
414
1 15 2 13 5 5
2 15 2 14 6 6
3 15 2 15 7 7
4 15 2 16 8 8
5 15 2 17 9 9
6 15 2 18 10 10
7 15 2 19 11 11
8 15 2 20 12 12
9 15 2 25 13 13
10 15 2 26 14 14
11 15 2 23 15 15
12 15 2 24 16 16
13 15 2 21 17 17
14 15 2 22 18 18
15 1 2 2 1 1 19
16 1 2 2 1 19 20
17 1 2 2 1 20 21
18 1 2 2 1 21 22
19 1 2 2 1 22 23
20 1 2 2 1 23 24
21 1 2 2 1 24 25
22 1 2 2 1 25 26
23 1 2 2 1 26 27
24 1 2 2 1 27 28
25 1 2 2 1 28 29
26 1 2 2 1 29 30
27 1 2 2 1 30 31
28 1 2 2 1 31 5
29 1 2 2 2 5 32
30 1 2 2 2 32 33
31 1 2 2 2 33 34
32 1 2 2 2 34 35
33 1 2 2 2 35 36
34 1 2 2 2 36 37
35 1 2 2 2 37 38
36 1 2 2 2 38 7
37 1 2 2 3 7 39
38 1 2 2 3 39 40
39 1 2 2 3 40 41
40 1 2 2 3 41 9
41 1 2 2 4 9 42
42 1 2 2 4 42 43
43 1 2 2 4 43 44
44 1 2 2 4 44 45
45 1 2 2 4 45 46
46 1 2 2 4 46 47
47 1 2 2 4 47 48
48 1 2 2 4 48 49
49 1 2 2 4 49 50
50 1 2 2 4 50 11
51 1 2 2 5 11 51
52 1 2 2 5 51 52
53 1 2 2 5 52 53
54 1 2 2 5 53 17
55 1 2 2 6 17 54
56 1 2 2 6 54 55
57 1 2 2 6 55 56
58 1 2 2 6 56 57
59 1 2 2 6 57 58
60 1 2 2 6 58 59
61 1 2 2 6 59 60
62 1 2 2 6 60 61
63 1 2 2 6 61 62
64 1 2 2 6 62 63
65 1 2 2 6 63 64
66 1 2 2 6 64 15
67 1 2 2 7 15 65
68 1 2 2 7 65 66
69 1 2 2 7 66 67
70 1 2 2 7 67 13
71 1 2 2 8 13 68
72 1 2 2 8 68 69
73 1 2 2 8 69 70
74 1 2 2 8 70 2
75 1 2 3 9 2 71
76 1 2 4 9 2 71
77 1 2 3 9 71 72
78 1 2 4 9 71 72
79 1 2 3 9 72 73
80 1 2 4 9 72 73
81 1 2 3 9 73 3
82 1 2 4 9 73 3
83 1 2 4 10 3 74
84 1 2 4 10 74 75
85 1 2 4 10 75 76
86 1 2 4 10 76 14
87 1 2 4 11 14 77
88 1 2 4 11 77 78
89 1 2 4 11 78 79
90 1 2 4 11 79 16
91 1 2 4 12 16 80
92 1 2 4 12 80 81
93 1 2 4 12 81 82
94 1 2 4 12 82 83
95 1 2 4 12 83 84
96 1 2 4 12 84 85
97 1 2 4 12 85 86
98 1 2 4 12 86 87
99 1 2 4 12 87 88
100 1 2 4 12 88 89
101 1 2 4 12 89 90
102 1 2 4 12 90 18
103 1 2 4 13 18 91
104 1 2 4 13 91 92
105 1 2 4 13 92 93
106 1 2 4 13 93 12
107 1 2 4 14 12 94
108 1 2 4 14 94 95
109 1 2 4 14 95 96
110 1 2 4 14 96 97
111 1 2 4 14 97 98
112 1 2 4 14 98 99
113 1 2 4 14 99 100
114 1 2 4 14 100 101
115 1 2 4 14 101 102
116 1 2 4 14 102 10
117 1 2 4 15 10 103
118 1 2 4 15 103 104
119 1 2 4 15 104 105
120 1 2 4 15 105 8
121 1 2 4 16 8 106
122 1 2 4 16 106 107
123 1 2 4 16 107 108
124 1 2 4 16 108 109
125 1 2 4 16 109 110
126 1 2 4 16 110 111
127 1 2 4 16 111 112
128 1 2 4 16 112 6
129 1 2 4 17 6 113
130 1 2 4 17 113 114
131 1 2 4 17 114 115
132 1 2 4 17 115 116
133 1 2 4 17 116 117
134 1 2 4 17 117 118
135 1 2 4 17 118 119
136 1 2 4 17 119 120
137 1 2 4 17 120 121
138 1 2 4 17 121 122
139 1 2 4 17 122 123
140 1 2 4 17 123 124
141 1 2 4 17 124 125
142 1 2 4 17 125 4
143 1 2 5 18 4 126
144 1 2 5 18 126 127
145 1 2 5 18 127 128
146 1 2 5 18 128 1
147 1 2 6 19 5 129
148 1 2 6 19 129 130
149 1 2 6 19 130 131
150 1 2 6 19 131 6
151 1 2 7 20 7 132
152 1 2 7 20 132 133
153 1 2 7 20 133 134
154 1 2 7 20 134 8
155 1 2 8 21 9 135
156 1 2 8 21 135 136
157 1 2 8 21 136 137
158 1 2 8 21 137 10
159 1 2 9 22 11 138
160 1 2 9 22 138 139
161 1 2 9 22 139 140
162 1 2 9 22 140 12
163 1 2 10 23 13 141
164 1 2 10 23 141 142
165 1 2 10 23 142 143
166 1 2 10 23 143 14
167 1 2 11 24 15 144
168 1 2 11 24 144 145
169 1 2 11 24 145 146
170 1 2 11 24 146 16
171 1 2 12 25 17 147
172 1 2 12 25 147 148
173 1 2 12 25 148 149
174 1 2 12 25 149 18
175 3 2 1 1 1 19 158 128
176 3 2 1 1 19 20 156 158
177 3 2 1 1 158 156 150 157
178 3 2 1 1 128 158 157 127
179 3 2 1 1 127 157 160 126
180 3 2 1 1 157 150 159 160
181 3 2 1 1 160 159 124 125
182 3 2 1 1 126 160 125 4
183 3 2 1 1 20 21 163 156
184 3 2 1 1 21 22 161 163
185 3 2 1 1 163 161 151 162
186 3 2 1 1 156 163 162 150
187 3 2 1 1 150 162 165 159
188 3 2 1 1 162 151 164 165
189 3 2 1 1 165 164 122 123
190 3 2 1 1 159 165 123 124
191 3 2 1 1 22 23 168 161
192 3 2 1 1 23 24 166 168
193 3 2 1 1 168 166 152 167
194 3 2 1 1 161 168 167 151
195 3 2 1 1 151 167 170 164
196 3 2 1 1 167 152 169 170
197 3 2 1 1 170 169 120 121
198 3 2 1 1 164 170 121 122
199 3 2 1 1 24 25 173 166
200 3 2 1 1 25 26 171 173
201 3 2 1 1 173 171 153 172
202 3 2 1 1 166 173 172 152
203 3 2 1 1 152 172 175 169
204 3 2 1 1 172 153 174 175
205 3 2 1 1 175 174 118 119
206 3 2 1 1 169 175 119 120
207 3 2 1 1 26 27 178 171
208 3 2 1 1 27 28 176 178
209 3 2 1 1 178 176 154 177
210 3 2 1 1 171 178 177 153
211 3 2 1 1 153 177 180 174
212 3 2 1 1 177 154 179 180
213 3 2 1 1 180 179 116 117
214 3 2 1 1 174 180 117 118
215 3 2 1 1 28 29 183 176
216 3 2 1 1 29 30 181 183
217 3 2 1 1 183 181 155 182
218 3 2 1 1 176 183 182 154
219 3 2 1 1 154 182 185 179
220 3 2 1 1 182 155 184 185
221 3 2 1 1 185 184 114 115
222 3 2 1 1 179 185 115 116
223 3 2 1 1 30 31 187 181
224 3 2 1 1 31 5 129 187
225 3 2 1 1 187 129 130 186
226 3 2 1 1 181 187 186 155
227 3 2 1 1 155 186 188 184
228 3 2 1 1 186 130 131 188
229 3 2 1 1 188 131 6 113
230 3 2 1 1 184 188 113 114
231 3 2 1 2 5 32 194 129
232 3 2 1 2 32 33 192 194
233 3 2 1 2 194 192 189 193
234 3 2 1 2 129 194 193 130
235 3 2 1 2 130 193 196 131
236 3 2 1 2 193 189 195 196
237 3 2 1 2 196 195 111 112
238 3 2 1 2 131 196 112 6
239 3 2 1 2 33 34 199 192
240 3 2 1 2 34 35 197 199
241 3 2 1 2 199 197 190 198
242 3 2 1 2 192 199 198 189
243 3 2 1 2 189 198 201 195
244 3 2 1 2 198 190 200 201
245 3 2 1 2 201 200 109 110
246 3 2 1 2 195 201 110 111
247 3 2 1 2 35 36 204 197
248 3 2 1 2 36 37 202 204
249 3 2 1 2 204 202 191 203
250 3 2 1 2 197 204 203 190
251 3 2 1 2 190 203 206 200
252 3 2 1 2 203 191 205 206
253 3 2 1 2 206 205 107 108
254 3 2 1 2 200 206 108 109
255 3 2 1 2 37 38 208 202
256 3 2 1 2 38 7 132 208
257 3 2 1 2 208 132 133 207
258 3 2 1 2 202 208 207 191
259 3 2 1 2 191 207 209 205
260 3 2 1 2 207 133 134 209
261 3 2 1 2 209 134 8 106
262 3 2 1 2 205 209 106 107
263 3 2 1 3 7 39 213 132
264 3 2 1 3 39 40 211 213
265 3 2 1 3 213 211 210 212
266 3 2 1 3 132 213 212 133
267 3 2 1 3 133 212 215 134
268 3 2 1 3 212 210 214 215
269 3 2 1 3 215 214 104 105
270 3 2 1 3 134 215 105 8
271 3 2 1 3 40 41 217 211
272 3 2 1 3 41 9 135 217
273 3 2 1 3 217 135 136 216
274 3 2 1 3 211 217 216 210
275 3 2 1 3 210 216 218 214
276 3 2 1 3 216 136 137 218
277 3 2 1 3 218 137 10 103
278 3 2 1 3 214 218 103 104
279 3 2 1 4 9 42 225 135
280 3 2 1 4 42 43 223 225
281 3 2 1 4 225 223 219 224
282 3 2 1 4 135 225 224 136
283 3 2 1 4 136 224 227 137
284 3 2 1 4 224 219 226 227
285 3 2 1 4 227 226 101 102
286 3 2 1 4 137 227 102 10
287 3 2 1 4 43 44 230 223
288 3 2 1 4 44 45 228 230
289 3 2 1 4 230 228 220 229
290 3 2 1 4 223 230 229 219
291 3 2 1 4 219 229 232 226
292 3 2 1 4 229 220 231 232
293 3 2 1 4 232 231 99 100
294 3 2 1 4 226 232 100 101
295 3 2 1 4 45 46 235 228
296 3 2 1 4 46 47 233 235
297 3 2 1 4 235 233 221 234
298 3 2 1 4 228 235 234 220
299 3 2 1 4 220 234 237 231
300 3 2 1 4 234 221 236 237
301 3 2 1 4 237 236 97 98
302 3 2 1 4 231 237 98 99
303 3 2 1 4 47 48 240 233
304 3 2 1 4 48 49 238 240
305 3 2 1 4 240 238 222 239
306 3 2 1 4 233 240 239 221
307 3 2 1 4 221 239 242 236
308 3 2 1 4 239 222 241 242
309 3 2 1 4 242 241 95 96
310 3 2 1 4 236 242 96 97
311 3 2 1 4 49 50 244 238
312 3 2 1 4 50 11 138 244
313 3 2 1 4 244 138 139 243
314 3 2 1 4 238 244 243 222
315 3 2 1 4 222 243 245 241
316 3 2 1 4 243 139 140 245
317 3 2 1 4 245 140 12 94
318 3 2 1 4 241 245 94 95
319 3 2 1 5 11 51 249 138
320 3 2 1 5 51 52 247 249
321 3 2 1 5 249 247 246 248
322 3 2 1 5 138 249 248 139
323 3 2 1 5 139 248 251 140
324 3 2 1 5 248 246 250 251
325 3 2 1 5 251 250 92 93
326 3 2 1 5 140 251 93 12
327 3 2 1 5 52 53 253 247
328 3 2 1 5 53 17 147 253
329 3 2 1 5 253 147 148 252
330 3 2 1 5 247 253 252 246
331 3 2 1 5 246 252 254 250
332 3 2 1 5 252 148 149 254
333 3 2 1 5 254 149 18 91
334 3 2 1 5 250 254 91 92
335 3 2 1 6 17 54 262 147
336 3 2 1 6 54 55 260 262
337 3 2 1 6 262 260 255 261
338 3 2 1 6 147 262 261 148
339 3 2 1 6 148 261 264 149
340 3 2 1 6 261 255 263 264
341 3 2 1 6 264 263 89 90
342 3 2 1 6 149 264 90 18
343 3 2 1 6 55 56 267 260
344 3 2 1 6 56 57 265 267
345 3 2 1 6 267 265 256 266
346 3 2 1 6 260 267 266 255
347 3 2 1 6 255 266 269 263
348 3 2 1 6 266 256 268 269
349 3 2 1 6 269 268 87 88
350 3 2 1 6 263 269 88 89
351 3 2 1 6 57 58 272 265
352 3 2 1 6 58 59 270 272
353 3 2 1 6 272 270 257 271
354 3 2 1 6 265 272 271 256
355 3 2 1 6 256 271 274 268
356 3 2 1 6 271 257 273 274
357 3 2 1 6 274 273 85 86
358 3 2 1 6 268 274 86 87
359 3 2 1 6 59 60 277 270
360 3 2 1 6 60 61 275 277
361 3 2 1 6 277 275 258 276
362 3 2 1 6 270 277 276 257
363 3 2 1 6 257 276 279 273
364 3 2 1 6 276 258 278 279
365 3 2 1 6 279 278 83 84
366 3 2 1 6 273 279 84 85
367 3 2 1 6 61 62 282 275
368 3 2 1 6 62 63 280 282
369 3 2 1 6 282 280 259 281
370 3 2 1 6 275 282 281 258
371 3 2 1 6 258 281 284 278
372 3 2 1 6 281 259 283 284
373 3 2 1 6 284 283 81 82
374 3 2 1 6 278 284 82 83
375 3 2 1 6 63 64 286 280
376 3 2 1 6 64 15 144 286
377 3 2 1 6 286 144 145 285
378 3 2 1 6 280 286 285 259
379 3 2 1 6 259 285 287 283
380 3 2 1 6 285 145 146 287
381 3 2 1 6 287 146 16 80
382 3 2 1 6 283 287 80 81
383 3 2 1 7 15 65 291 144
384 3 2 1 7 65 66 289 291
385 3 2 1 7 291 289 288 290
386 3 2 1 7 144 291 290 145
387 3 2 1 7 145 290 293 146
388 3 2 1 7 290 288 292 293
389 3 2 1 7 293 292 78 79
390 3 2 1 7 146 293 79 16
391 3 2 1 7 66 67 295 289
392 3 2 1 7 67 13 141 295
393 3 2 1 7 295 141 142 294
394 3 2 1 7 289 295 294 288
395 3 2 1 7 288 294 296 292
396 3 2 1 7 294 142 143 296
397 3 2 1 7 296 143 14 77
398 3 2 1 7 292 296 77 78
399 3 2 1 8 13 68 300 141
400 3 2 1 8 68 69 298 300
401 3 2 1 8 300 298 297 299
402 3 2 1 8 141 300 299 142
403 3 2 1 8 142 299 302 143
404 3 2 1 8 299 297 301 302
405 3 2 1 8 302 301 75 76
406 3 2 1 8 143 302 76 14
407 3 2 1 8 69 70 304 298
408 3 2 1 8 70 2 71 304
409 3 2 1 8 304 71 72 303
410 3 2 1 8 298 304 303 297
411 3 2 1 8 297 303 305 301
412 3 2 1 8 303 72 73 305
413 3 2 1 8 305 73 3 74
414 3 2 1 8 301 305 74 75
$EndElements
